RADCURE_0724,223,174,41,71,67,39
RADCURE_3393,226,162,60,73,62,42
HNSCC_01_0165,205,166,190,84,85,16
QIN_HEADNECK_02_2440,239,205,324,71,63,30
RADCURE_0971,232,153,59,59,64,42
RADCURE_2884,219,169,60,68,65,40
RADCURE_1857,222,181,53,62,57,19
HNSCC_01_0162,205,177,197,74,71,21
RADCURE_3704,230,177,61,64,65,38
RADCURE_0181,215,106,69,87,78,34
RADCURE_1295,221,138,53,75,65,38
RADCURE_2622,219,144,71,77,76,39
QIN_HEADNECK_02_2478,208,185,385,92,74,43
RADCURE_3199,222,184,58,63,70,38
RADCURE_0976,222,157,54,63,70,36
RADCURE_3500,226,167,70,75,66,33
RADCURE_2284,221,153,59,68,69,40
RADCURE_0527,220,167,61,80,74,38
RADCURE_3190,227,167,77,69,64,37
QIN_HEADNECK_02_2485,208,147,340,87,87,25
RADCURE_2426,229,196,53,62,50,29
RADCURE_2614,229,156,54,64,71,41
RADCURE_1866,226,153,66,66,72,36
RADCURE_1268,224,193,67,72,59,40
QIN_HEADNECK_01_0104,220,186,378,68,66,40
RADCURE_0940,223,166,52,70,68,42
RADCURE_1892,228,167,57,66,59,40
RADCURE_2841,221,144,50,65,68,45
HN1524,214,210,75,73,67,26
RADCURE_1096,224,158,69,68,69,40
RADCURE_3163,234,187,64,64,59,35
RADCURE_1406,227,147,57,68,73,36
RADCURE_0947,227,152,62,69,63,41
RADCURE_1895,226,155,61,62,60,28
RADCURE_1499,226,178,63,70,71,40
RADCURE_1835,223,186,72,72,71,33
RADCURE_1009,226,133,66,77,74,41
RADCURE_3108,224,130,57,65,75,37
RADCURE_2647,229,188,65,65,69,42
RADCURE_1694,224,167,62,71,74,35
HN_HMR_022,236,185,48,60,58,37
RADCURE_2011,221,156,47,74,73,42
RADCURE_3553,228,183,72,53,58,36
RADCURE_3554,219,152,56,73,69,37
RADCURE_1667,224,141,67,68,75,39
RADCURE_1455,224,139,62,71,71,34
RADCURE_0117,235,185,71,63,50,33
RADCURE_0748,220,152,59,70,62,36
HN1310,221,191,40,78,68,28
RADCURE_1007,224,147,51,76,58,41
RADCURE_0121,223,192,62,82,73,42
RADCURE_0119,217,135,60,77,62,39
RADCURE_1669,218,152,60,73,73,42
RADCURE_0542,227,174,67,64,60,34
RADCURE_3591,229,173,62,64,67,37
RADCURE_2443,211,164,58,72,66,39
RADCURE_0314,226,133,57,75,77,40
RADCURE_4116,217,153,69,74,70,36
RADCURE_1407,224,125,84,71,67,32
RADCURE_1635,222,142,69,70,68,35
RADCURE_1063,230,193,62,56,64,43
RADCURE_2420,222,164,51,73,68,39
RADCURE_0145,231,212,61,58,54,30
RADCURE_2612,221,141,60,69,59,33
RADCURE_1860,228,138,51,74,70,41
RADCURE_3539,225,139,60,69,57,39
RADCURE_3961,225,159,63,59,62,40
RADCURE_1438,217,143,82,73,67,36
RADCURE_2847,227,145,47,71,66,40
RADCURE_0348,216,141,82,79,76,38
RADCURE_3191,218,165,75,74,64,38
RADCURE_0526,228,133,39,66,62,35
RADCURE_1064,221,169,73,65,65,38
RADCURE_1400,220,144,52,74,65,37
RADCURE_1269,226,167,65,70,75,35
RADCURE_0948,223,151,64,79,73,41
RADCURE_0722,228,153,87,68,60,38
RADCURE_2849,224,146,64,73,68,40
RADCURE_2247,222,132,54,69,73,40
RADCURE_0510,226,153,70,71,67,38
RADCURE_2876,231,156,66,65,67,37
RADCURE_3530,222,168,59,64,55,31
RADCURE_1055,225,170,61,66,67,41
RADCURE_2086,219,146,58,76,71,39
RADCURE_2240,226,154,60,68,75,39
QIN_HEADNECK_02_1002,216,140,375,86,82,43
RADCURE_2072,228,140,60,72,70,35
HN_HMR_041,242,207,38,56,44,21
RADCURE_1856,224,136,56,74,73,39
RADCURE_0970,230,143,50,63,78,32
HN1170,217,193,47,90,81,27
HN1342,229,209,40,64,60,28
RADCURE_2871,216,175,69,82,69,38
HN1514,215,198,43,74,63,24
RADCURE_0588,217,152,60,78,70,39
RADCURE_3769,231,153,63,66,67,39
RADCURE_1001,230,196,69,58,47,30
RADCURE_3756,190,160,57,120,96,40
RADCURE_3100,221,197,47,74,68,37
RADCURE_3332,216,167,54,65,62,37
RADCURE_0543,230,156,50,61,67,34
RADCURE_1491,226,171,55,59,51,28
RADCURE_2670,225,206,64,65,64,33
RADCURE_0749,217,148,58,78,68,35
RADCURE_2822,229,141,77,67,74,38
HN1123,215,212,49,82,72,25
RADCURE_0923,226,150,52,69,67,39
QIN_HEADNECK_01_0193,230,213,124,68,61,22
RADCURE_1039,226,160,59,63,58,34
QIN_HEADNECK_01_0167,223,145,234,77,74,22
RADCURE_3138,221,158,71,71,68,41
RADCURE_2445,227,159,61,70,71,36
RADCURE_0776,230,178,56,66,69,34
RADCURE_4110,228,171,74,65,65,39
RADCURE_3335,226,159,58,62,72,42
RADCURE_3107,220,171,68,70,62,41
HN1327,212,177,47,89,75,27
QIN_HEADNECK_02_1058,230,197,350,61,63,26
RADCURE_3932,220,117,70,79,75,37
RADCURE_2225,221,201,69,66,64,38
RADCURE_0324,223,150,54,68,62,41
HNSCC_01_0101,213,138,192,90,90,26
RADCURE_3767,215,155,66,77,68,34
RADCURE_1030,235,153,51,63,69,40
RADCURE_3303,227,161,73,68,75,40
RADCURE_3131,228,179,64,54,61,37
RADCURE_0912,254,169,61,61,57,34
RADCURE_0581,228,164,50,61,63,38
RADCURE_3760,222,186,56,67,65,34
QIN_HEADNECK_01_0169,223,176,126,79,64,18
RADCURE_2646,220,135,65,72,67,38
RADCURE_0323,218,187,78,74,73,36
RADCURE_1695,230,167,53,64,71,34
RADCURE_2222,229,163,64,65,68,35
RADCURE_2162,216,164,68,85,66,38
RADCURE_2734,226,195,48,73,70,37
RADCURE_0063,208,139,55,93,94,39
RADCURE_1979,226,190,54,63,68,39
RADCURE_0097,227,189,56,74,60,39
RADCURE_1377,226,146,53,71,69,40
RADCURE_0438,222,152,57,66,67,37
QIN_HEADNECK_01_0216,221,204,238,73,75,17
RADCURE_2191,221,139,67,73,64,36
RADCURE_1370,212,140,59,75,74,40
RADCURE_3615,230,202,53,56,52,29
RADCURE_0064,213,152,70,76,71,37
HN_HGJ_021,218,92,65,81,77,27
RADCURE_0632,224,187,49,67,57,32
RADCURE_2959,237,162,73,70,65,31
RADCURE_3840,226,160,60,64,56,31
RADCURE_0867,232,148,55,56,59,35
RADCURE_1189,219,165,71,70,65,36
RADCURE_3411,222,163,53,74,63,37
RADCURE_0294,220,161,64,78,63,37
RADCURE_1948,220,177,56,74,60,36
RADCURE_4062,220,162,60,67,60,32
RADCURE_3247,222,176,74,68,70,39
RADCURE_4096,232,154,61,81,73,36
RADCURE_2361,221,178,60,65,61,28
RADCURE_0099,220,150,49,63,59,34
RADCURE_2950,222,163,61,76,70,38
RADCURE_3882,225,160,61,71,68,40
RADCURE_0267,217,163,52,80,73,41
RADCURE_2968,228,169,79,65,67,39
RADCURE_4091,219,199,57,70,65,36
RADCURE_0431,214,126,51,79,72,41
RADCURE_4065,219,178,73,75,68,43
RADCURE_3240,219,171,72,78,64,39
HNSCC_01_0042,200,157,211,89,80,20
HN1600,222,181,38,81,73,29
RADCURE_3885,227,125,56,69,69,36
QIN_HEADNECK_01_0012,207,185,230,86,71,24
RADCURE_3871,224,150,60,63,63,34
RADCURE_3489,229,146,49,69,68,38
QIN_HEADNECK_01_0046,206,218,255,92,69,24
RADCURE_2332,220,158,60,76,70,41
HN_CHUS_071,225,163,37,72,60,27
RADCURE_1785,225,183,55,72,61,31
RADCURE_2100,233,194,50,58,68,37
RADCURE_3214,223,218,75,73,62,34
RADCURE_4031,222,145,64,70,67,39
RADCURE_2590,217,154,64,92,75,42
RADCURE_3670,232,159,71,66,74,34
RADCURE_4009,225,168,76,68,68,41
RADCURE_1749,237,183,80,53,58,39
RADCURE_1923,223,118,70,64,70,36
RADCURE_0039,220,159,72,73,58,31
HN1653,213,201,44,78,66,26
RADCURE_3677,222,155,64,74,82,32
HNSCC_01_0011,224,129,53,69,64,29
RADCURE_4036,225,135,60,62,62,38
RADCURE_0650,225,141,72,69,66,40
RADCURE_0462,225,128,58,71,64,39
RADCURE_0006,211,175,66,86,70,41
HN1208,218,201,29,76,71,26
RADCURE_2563,216,133,61,75,75,39
RADCURE_1915,229,151,59,72,63,39
RADCURE_3017,230,157,70,63,72,36
QIN_HEADNECK_02_2502,218,192,381,69,67,42
QIN_HEADNECK_01_0048,209,161,196,83,81,17
RADCURE_1324,214,149,67,75,77,33
RADCURE_0202,227,162,64,84,76,30
RADCURE_2131,221,141,61,80,67,46
RADCURE_0666,214,113,59,74,66,31
RADCURE_2109,227,162,61,77,59,40
RADCURE_3813,228,162,158,60,59,38
RADCURE_2599,226,159,63,68,65,28
RADCURE_1581,221,153,40,67,69,41
RADCURE_2552,225,167,67,68,78,35
RADCURE_3010,226,167,67,58,58,39
RADCURE_4064,222,157,57,70,72,39
RADCURE_3073,211,113,66,79,68,32
RADCURE_1724,226,173,64,72,76,38
RADCURE_0292,229,157,59,78,65,38
RADCURE_2531,221,176,73,69,68,40
RADCURE_0266,226,193,67,59,49,28
RADCURE_0054,215,135,74,85,80,38
RADCURE_2703,225,161,51,65,58,37
RADCURE_0430,220,149,55,77,72,40
HN_HGJ_011,226,109,27,70,69,25
HN_CHUS_024,222,168,66,66,66,40
RADCURE_3870,233,146,61,56,52,30
RADCURE_2358,226,160,69,69,71,37
HN_CHUS_023,208,150,36,74,63,53
RADCURE_2360,225,149,67,72,71,42
RADCURE_0295,225,112,56,80,76,41
RADCURE_3246,226,143,61,75,75,38
RADCURE_0408,218,188,62,67,67,32
RADCURE_2199,230,180,51,62,60,32
HN_HGJ_020,218,106,20,75,67,25
RADCURE_1715,222,138,51,75,78,40
RADCURE_2369,225,189,67,61,56,30
RADCURE_3089,231,207,56,62,52,27
QIN_HEADNECK_01_0210,221,162,148,82,76,23
HN1896,233,177,42,78,62,29
RADCURE_0406,220,157,62,63,65,33
HN_CHUS_012,231,177,65,50,46,44
RADCURE_2735,217,139,57,70,70,35
HN1095,216,183,47,101,72,29
RADCURE_1349,218,180,60,80,64,36
RADCURE_0499,225,156,48,64,66,37
RADCURE_1779,234,154,64,56,68,39
RADCURE_3678,232,164,53,72,64,39
RADCURE_1913,230,188,65,81,67,35
QIN_HEADNECK_01_0085,211,175,382,99,85,39
HNSCC_01_0213,199,156,79,146,140,81
QIN_HEADNECK_02_2504,214,172,229,82,76,23
RADCURE_4006,228,176,43,64,67,34
RADCURE_2305,223,187,59,63,54,25
RADCURE_0036,224,149,57,73,63,30
RADCURE_2553,227,136,62,77,69,39
RADCURE_3029,229,173,66,60,55,32
RADCURE_3815,229,154,62,69,67,42
RADCURE_2554,222,167,72,85,69,39
RADCURE_3486,220,186,65,67,65,37
RADCURE_1587,228,141,61,69,70,40
RADCURE_0667,226,168,34,64,68,38
RADCURE_0038,217,134,67,74,68,37
HN_035,233,232,72,44,39,35
RADCURE_3649,224,164,59,83,62,33
HN_HGJ_042,226,199,52,62,52,31
RADCURE_0651,225,141,61,67,72,36
RADCURE_1777,220,144,54,77,74,36
RADCURE_1589,225,152,66,69,68,39
HN_CHUS_084,240,173,34,57,48,23
RADCURE_3027,226,159,72,71,71,37
RADCURE_4030,229,198,64,63,55,32
RADCURE_1314,219,149,62,67,60,40
RADCURE_3443,228,185,75,61,45,31
RADCURE_2757,226,167,61,67,60,28
HN_CHUS_070,218,157,35,74,57,25
RADCURE_0656,224,163,63,68,65,39
RADCURE_0464,229,174,64,80,70,37
RADCURE_1938,226,145,73,62,67,36
RADCURE_3839,232,172,76,68,57,26
RADCURE_2547,227,176,72,69,60,40
RADCURE_2775,239,203,54,51,52,27
HN_CHUS_099,217,157,40,75,67,28
RADCURE_3208,218,90,64,85,89,39
RADCURE_0821,237,172,57,70,72,34
RADCURE_0217,219,136,63,78,71,40
RADCURE_2124,223,196,68,73,73,42
RADCURE_4015,223,171,73,56,57,44
RADCURE_2786,237,182,44,63,68,44
RADCURE_3466,220,173,72,75,60,43
HN1442,211,191,48,95,86,26
RADCURE_2329,222,141,54,71,68,37
RADCURE_0826,238,183,53,59,51,28
HN1026,212,181,45,73,59,25
RADCURE_3459,220,152,55,77,67,39
RADCURE_1900,226,153,77,67,66,36
RADCURE_1558,231,158,55,61,65,37
QIN_HEADNECK_01_0634,207,153,371,87,91,44
RADCURE_2112,218,162,63,72,68,37
HN_CHUS_063,224,161,48,56,47,20
RADCURE_0645,225,155,67,72,62,38
RADCURE_1797,224,179,61,63,64,39
HN1679,214,190,39,91,73,28
RADCURE_3662,219,150,64,65,59,39
RADCURE_0810,225,180,78,72,55,39
QIN_HEADNECK_01_0007,218,160,229,83,71,27
RADCURE_2942,226,190,62,72,58,42
RADCURE_3890,217,183,69,73,58,37
RADCURE_3067,226,198,61,67,62,38
RADCURE_2387,223,204,72,81,70,38
RADCURE_4070,233,153,66,71,63,43
RADCURE_4084,223,162,58,63,62,38
RADCURE_0078,230,191,71,65,62,29
RADCURE_2179,222,146,56,66,67,39
RADCURE_4048,220,143,64,72,64,38
HN_CHUS_037,219,174,38,65,49,27
RADCURE_0047,216,146,70,82,78,39
RADCURE_2719,225,165,58,65,69,38
RADCURE_0872,234,165,51,60,47,31
RADCURE_0243,223,151,73,75,63,37
RADCURE_2726,226,171,56,69,63,38
RADCURE_0415,214,161,69,77,73,34
HN_CHUS_001,217,154,37,82,66,27
RADCURE_3432,223,172,60,70,74,34
RADCURE_4079,223,174,67,66,54,31
RADCURE_1739,233,153,54,65,70,34
RADCURE_0049,220,144,94,75,69,38
RADCURE_2974,227,146,51,64,68,37
RADCURE_2148,229,148,75,70,61,36
RADCURE_2513,227,132,65,63,71,38
HN1815,223,200,43,80,64,28
RADCURE_2742,227,161,62,64,66,36
RADCURE_2326,230,166,77,66,68,33
RADCURE_1765,224,158,62,65,73,35
HN_018,216,213,67,90,60,32
RADCURE_3664,219,187,61,60,53,39
RADCURE_1301,233,187,53,60,52,32
RADCURE_2319,219,147,50,71,63,42
RADCURE_0816,235,170,66,65,64,38
QIN_HEADNECK_01_0052,222,136,226,89,83,22
HN_027,226,186,70,54,54,32
HN1486,206,195,44,83,71,27
RADCURE_0688,226,133,57,74,72,38
RADCURE_3207,227,192,61,63,56,36
HN_CHUS_062,233,164,42,64,57,26
RADCURE_1796,214,137,52,74,66,41
RADCURE_0220,218,157,63,71,69,34
HNSCC_01_0208,187,188,177,93,91,24
HN_020,223,209,36,62,59,40
RADCURE_1566,225,168,75,66,51,25
RADCURE_3003,226,149,58,65,72,39
RADCURE_1330,219,197,66,62,48,31
RADCURE_3655,230,192,66,70,64,38
RADCURE_2317,226,175,57,58,52,29
HN_HGJ_061,227,139,10,75,60,29
HN_CHUS_054,245,167,39,59,57,26
RADCURE_3800,226,141,61,69,69,34
RADCURE_2926,229,157,65,63,65,35
RADCURE_2328,227,155,55,82,71,36
RADCURE_0827,225,169,75,64,69,39
RADCURE_0447,215,138,51,81,73,42
RADCURE_1337,226,148,55,68,69,38
RADCURE_3460,227,164,65,65,63,36
RADCURE_3838,218,121,59,76,77,37
RADCURE_1561,213,171,65,60,51,33
HN1444,225,192,40,88,76,29
RADCURE_2921,229,154,62,66,61,39
RADCURE_3209,220,189,62,72,64,37
RADCURE_3807,227,138,70,69,66,41
RADCURE_0874,222,165,70,72,77,38
HN1074,209,197,41,80,74,31
RADCURE_3639,230,194,56,52,50,37
RADCURE_1952,226,160,57,74,72,39
RADCURE_2512,235,176,85,49,58,35
HNSCC_01_0094,212,197,197,87,85,23
RADCURE_1397,233,154,53,65,71,38
RADCURE_1363,228,158,67,58,58,28
RADCURE_4047,235,170,74,78,74,36
RADCURE_2182,217,139,59,75,73,40
RADCURE_1707,227,153,58,69,65,36
RADCURE_2986,227,154,67,65,64,38
RADCURE_0619,241,191,51,47,47,27
RADCURE_2972,214,148,70,80,68,38
RADCURE_2718,228,205,56,58,69,33
RADCURE_0873,229,193,59,58,61,38
RADCURE_1700,230,179,63,69,60,38
RADCURE_0084,224,175,64,71,64,40
RADCURE_3601,216,173,52,73,67,40
RADCURE_2515,222,190,51,68,61,33
RADCURE_4049,221,192,52,68,63,40
RADCURE_3608,222,170,85,68,67,38
RADCURE_2178,230,158,60,61,64,37
RADCURE_3095,223,177,60,67,59,39
RADCURE_2375,218,130,76,79,70,30
HN_HGJ_003,218,112,26,80,65,28
RADCURE_0422,225,151,51,63,67,33
RADCURE_2711,226,197,58,59,56,29
RADCURE_0628,223,168,64,79,63,39
QIN_HEADNECK_01_0006,226,168,99,76,67,14
RADCURE_3059,216,192,61,77,64,43
RADCURE_3865,218,140,69,75,72,40
RADCURE_0273,221,152,60,77,66,42
RADCURE_3092,222,177,57,71,63,35
RADCURE_3254,223,178,62,65,68,43
QIN_HEADNECK_01_0039,225,180,140,65,72,19
RADCURE_1167,229,163,64,54,55,29
RADCURE_3570,222,161,52,73,65,38
RADCURE_3928,226,144,67,78,65,37
RADCURE_3114,219,191,68,77,64,38
RADCURE_1485,228,140,70,68,61,37
RADCURE_2032,218,130,58,69,70,40
RADCURE_3917,227,145,57,65,69,36
HN1554,210,191,50,87,80,26
RADCURE_0908,227,162,62,67,55,39
RADCURE_0762,226,195,49,63,61,30
RADCURE_3321,234,174,59,67,66,37
RADCURE_1476,222,135,75,81,63,41
RADCURE_2697,223,167,54,66,65,38
RADCURE_0937,220,175,68,77,60,38
RADCURE_3548,228,162,56,67,57,37
RADCURE_1811,221,181,58,63,62,36
RADCURE_2003,213,161,73,74,62,39
RADCURE_0102,240,130,68,72,66,41
RADCURE_2655,227,168,53,67,73,39
RADCURE_1024,224,181,62,64,62,36
RADCURE_3541,224,153,58,68,68,34
RADCURE_0592,226,153,52,74,65,40
RADCURE_0901,213,169,68,71,74,38
RADCURE_3122,220,174,54,69,60,32
QIN_HEADNECK_02_2437,221,195,383,73,70,43
RADCURE_2494,220,179,70,70,75,40
RADCURE_0337,222,119,53,81,75,35
RADCURE_0939,222,190,74,60,54,29
RADCURE_1681,224,147,56,70,74,37
RADCURE_0753,221,182,76,67,55,28
RADCURE_1478,228,151,64,63,73,40
HN1562,221,184,50,88,72,26
HN1106,211,197,46,84,67,30
RADCURE_0906,228,158,69,72,64,40
RADCURE_0308,225,133,56,80,76,38
QIN_HEADNECK_01_0116,220,157,388,80,75,39
RADCURE_1874,211,124,58,81,70,42
RADCURE_2853,218,148,59,72,65,42
RADCURE_0738,221,180,62,68,68,39
RADCURE_0952,227,152,45,60,62,34
RADCURE_3176,216,174,63,74,63,28
RADCURE_0999,219,158,53,85,64,41
RADCURE_2606,225,172,79,71,64,41
RADCURE_0363,220,166,53,68,71,36
RADCURE_3718,221,128,57,80,63,40
RADCURE_3185,231,143,60,59,52,29
RADCURE_0364,224,147,69,77,61,39
RADCURE_3343,227,144,59,70,68,43
RADCURE_1414,231,171,62,59,55,34
RADCURE_0997,232,142,55,57,53,38
RADCURE_1079,232,162,80,64,64,38
RADCURE_3178,227,203,59,79,63,32
RADCURE_2298,231,168,53,51,59,28
HN1538,220,216,56,67,55,21
RADCURE_3147,227,158,60,68,76,38
RADCURE_1610,224,149,58,76,62,35
RADCURE_1046,222,161,72,69,64,40
RADCURE_3943,225,157,50,64,67,40
RADCURE_0990,224,140,77,67,71,37
RADCURE_0964,227,186,61,67,64,43
HN1500,234,220,51,65,53,23
RADCURE_0193,216,163,66,84,71,38
RADCURE_2092,235,193,75,70,57,43
RADCURE_1617,222,167,46,71,56,40
QIN_HEADNECK_02_0130,217,180,384,78,76,36
RADCURE_2066,236,177,81,56,47,26
RADCURE_0731,220,185,63,72,68,39
RADCURE_0503,234,174,67,56,55,28
RADCURE_1889,224,120,62,67,68,37
RADCURE_2653,222,161,58,76,70,39
HN_HMR_036,225,188,36,69,55,24
RADCURE_2237,218,131,57,74,79,27
RADCURE_3775,224,147,59,66,64,37
RADCURE_2495,213,193,81,81,70,39
RADCURE_0309,210,128,51,102,91,34
RADCURE_0907,226,168,66,67,56,30
RADCURE_3920,221,141,65,71,65,38
RADCURE_3124,223,166,63,74,74,41
RADCURE_3918,223,118,63,77,66,37
RADCURE_1673,223,153,58,69,65,37
RADCURE_0567,233,194,132,42,43,29
RADCURE_2466,220,165,58,75,74,38
RADCURE_0103,219,133,74,78,75,37
RADCURE_2801,221,180,63,76,75,37
RADCURE_1645,225,155,61,64,66,39
RADCURE_2450,223,200,51,76,80,36
RADCURE_2662,220,168,61,70,72,37
RADCURE_0135,216,128,53,77,70,36
RADCURE_2206,219,152,57,80,65,39
RADCURE_3911,220,124,66,67,68,39
HN_HMR_038,228,205,46,49,55,31
RADCURE_2837,223,131,62,74,74,39
HN1760,215,192,42,79,73,28
RADCURE_2033,222,144,60,70,64,36
RADCURE_2201,218,100,50,67,71,37
RADCURE_1484,229,152,62,58,58,39
RADCURE_3585,227,174,64,61,65,38
RADCURE_2457,215,165,67,72,64,39
RADCURE_0931,227,143,58,68,68,39
RADCURE_0569,225,180,64,66,61,37
HN1793,230,196,45,81,76,27
RADCURE_0965,231,162,66,57,55,39
HN1357,217,186,51,94,78,25
RADCURE_1629,235,185,60,57,61,36
RADCURE_0991,213,164,56,78,67,40
RADCURE_2255,221,144,53,68,69,38
RADCURE_3989,230,167,58,58,62,36
RADCURE_0730,220,142,65,81,73,41
RADCURE_0166,227,170,64,72,84,35
RADCURE_1424,223,166,66,73,57,31
RADCURE_1616,230,146,58,64,72,39
RADCURE_1844,226,144,52,67,64,37
QIN_HEADNECK_02_2498,241,177,342,61,61,32
RADCURE_2404,225,173,81,67,69,34
RADCURE_2060,227,173,55,71,62,37
RADCURE_3719,227,138,50,74,71,42
HN1968,212,188,45,76,67,25
RADCURE_2069,222,170,53,57,54,30
RADCURE_3514,225,176,66,62,55,31
RADCURE_1415,220,167,59,78,70,39
RADCURE_0701,222,133,69,74,75,38
RADCURE_2264,223,147,63,67,72,38
RADCURE_2600,212,153,62,90,72,36
RADCURE_0953,224,187,56,66,55,36
QIN_HEADNECK_01_0117,219,209,381,74,62,40
RADCURE_3974,227,186,52,69,62,44
RADCURE_3148,230,184,66,64,73,37
QIN_HEADNECK_02_1021,228,194,366,90,72,40
QIN_HEADNECK_02_2496,226,204,196,71,57,19
RADCURE_1620,221,164,72,65,73,52
RADCURE_2899,218,119,77,75,66,34
QIN_HEADNECK_01_0128,222,171,375,81,76,38
RADCURE_1076,224,176,69,67,59,40
RADCURE_0319,224,149,46,70,74,39
HN_HMR_019,230,211,32,46,39,21
RADCURE_1200,215,154,83,78,67,34
RADCURE_3557,224,151,67,72,62,39
RADCURE_1032,219,176,60,74,53,40
RADCURE_1664,223,143,60,67,75,42
RADCURE_0570,227,156,63,60,64,36
RADCURE_0742,230,188,67,63,69,40
RADCURE_2829,224,151,64,68,68,41
RADCURE_2643,231,164,77,65,62,36
RADCURE_2449,223,152,57,73,80,34
RADCURE_3796,228,158,69,64,69,38
RADCURE_3134,210,180,63,74,66,41
RADCURE_3908,224,127,54,69,71,37
RADCURE_4123,213,134,56,77,71,39
RADCURE_3550,225,210,80,60,50,35
RADCURE_2482,225,142,61,73,71,37
RADCURE_0926,227,161,61,60,58,29
HN_HMR_017,232,188,36,55,56,26
RADCURE_0125,223,161,74,74,73,42
RADCURE_0317,221,138,66,68,51,30
RADCURE_1003,228,146,52,69,73,39
RADCURE_2686,223,216,58,65,62,35
RADCURE_2478,227,171,68,64,58,33
RADCURE_3337,226,155,74,67,55,38
RADCURE_1236,231,164,59,51,54,29
RADCURE_1838,226,167,51,60,58,26
HN1922,233,202,45,76,75,24
RADCURE_0122,224,144,53,79,65,34
RADCURE_3363,223,148,78,70,63,37
RADCURE_1296,222,150,59,70,62,40
RADCURE_0720,237,139,70,71,70,33
RADCURE_3738,231,166,57,57,58,37
RADCURE_2048,225,161,68,72,61,38
RADCURE_0149,216,100,73,72,74,39
HN1175,222,197,45,84,73,28
RADCURE_2242,228,119,70,79,73,36
RADCURE_0515,226,157,55,66,64,39
RADCURE_0343,220,134,68,71,67,40
RADCURE_1291,221,167,63,70,72,39
RADCURE_2414,230,164,57,70,72,39
RADCURE_1265,228,145,56,65,64,36
RADCURE_3532,218,185,63,64,51,39
RADCURE_0972,230,142,72,58,64,39
RADCURE_1095,232,123,65,66,71,39
RADCURE_0523,225,163,69,60,61,36
RADCURE_2280,230,196,67,56,59,42
RADCURE_3352,231,171,73,58,61,35
RADCURE_1253,227,187,78,77,80,42
RADCURE_3963,232,186,59,59,55,27
RADCURE_3503,219,133,73,68,71,37
HNSCC_01_0157,229,194,73,123,113,24
RADCURE_3355,231,153,65,73,66,35
RADCURE_0716,228,183,96,66,57,31
RADCURE_1092,217,106,66,88,81,36
RADCURE_2617,220,155,61,70,64,38
QIN_HEADNECK_01_0107,216,176,235,87,81,26
RADCURE_1865,214,164,59,71,65,36
HN1371,213,196,44,92,69,28
RADCURE_2842,217,169,61,71,67,36
RADCURE_3990,225,174,63,58,60,34
RADCURE_0578,229,185,121,58,43,29
RADCURE_3309,227,135,73,65,70,38
RADCURE_2446,227,129,64,72,69,39
RADCURE_0547,225,148,69,67,58,38
RADCURE_3938,231,167,63,55,61,36
RADCURE_3104,221,154,67,81,73,36
RADCURE_0781,228,140,116,63,65,30
RADCURE_1461,228,143,68,74,75,40
RADCURE_2680,230,163,46,62,62,36
HN1127,215,215,44,86,69,28
RADCURE_3567,215,159,54,63,70,35
RADCURE_3755,225,173,60,63,65,42
RADCURE_1466,221,157,65,68,67,35
RADCURE_1654,229,149,48,64,66,39
RADCURE_2819,223,129,54,72,68,33
RADCURE_0772,220,162,53,68,59,38
HN1118,223,207,52,80,67,24
RADCURE_2673,228,135,73,65,70,39
RADCURE_4122,220,144,49,71,74,38
RADCURE_3909,219,119,60,76,75,34
RADCURE_1808,233,150,70,64,66,38
RADCURE_3797,222,163,85,67,68,38
RADCURE_2645,225,178,57,64,68,39
RADCURE_2221,222,117,65,73,75,38
RADCURE_2013,213,140,72,70,70,41
HN1324,229,214,49,62,53,23
RADCURE_2817,224,131,63,71,71,39
RADCURE_0788,220,139,166,68,72,36
RADCURE_2689,226,148,61,63,66,38
RADCURE_2014,228,179,61,62,49,32
RADCURE_0571,230,146,69,62,64,32
RADCURE_3764,220,137,69,77,70,38
HNSCC_01_0102,205,174,199,83,77,22
RADCURE_3300,224,175,69,74,65,39
QIN_HEADNECK_02_0142,213,141,382,84,75,36
RADCURE_1457,226,177,52,55,62,41
RADCURE_4125,229,156,62,65,72,34
RADCURE_0373,217,154,65,74,79,38
RADCURE_3730,224,175,69,71,65,38
RADCURE_1631,222,142,56,76,65,41
RADCURE_2629,224,134,54,78,70,41
RADCURE_1252,231,174,57,63,59,34
RADCURE_2611,219,161,54,79,68,40
RADCURE_2423,219,176,70,73,69,37
RADCURE_0374,220,146,62,72,66,39
RADCURE_3195,218,179,55,82,78,35
RADCURE_3708,220,170,60,72,65,37
RADCURE_3701,220,163,62,74,63,39
HNSCC_01_0167,220,198,182,85,79,18
RADCURE_1600,234,191,64,64,63,36
RADCURE_2071,225,137,73,69,64,35
RADCURE_3391,231,167,57,59,68,37
RADCURE_3168,224,163,66,72,62,37
RADCURE_3954,223,171,76,66,60,41
RADCURE_0987,231,153,58,61,66,35
RADCURE_2618,230,156,58,61,66,37
RADCURE_0345,227,170,70,73,65,41
RADCURE_2620,221,159,60,65,65,35
RADCURE_0177,224,152,65,67,76,25
RADCURE_3150,234,160,64,68,62,35
RADCURE_2082,229,170,82,67,65,38
RADCURE_3534,226,107,45,63,72,36
RADCURE_3706,217,148,65,65,69,36
RADCURE_0208,224,143,69,85,83,41
RADCURE_3674,226,182,74,60,59,29
RADCURE_0495,219,172,67,77,68,38
RADCURE_1775,224,154,60,66,70,37
RADCURE_3022,227,176,61,68,70,37
HN_CHUS_075,228,167,49,59,57,24
RADCURE_2938,231,190,65,58,52,30
RADCURE_2104,221,167,62,74,68,37
RADCURE_2560,226,158,74,63,63,37
RADCURE_2752,217,194,63,81,64,40
RADCURE_3680,224,192,71,71,56,28
HN1465,229,194,45,88,66,27
RADCURE_2900,225,132,71,69,71,38
RADCURE_2755,225,179,66,72,62,39
RADCURE_1786,226,162,54,68,69,38
RADCURE_0654,226,168,79,67,71,36
HN_CHUS_072,242,157,36,67,59,27
RADCURE_3217,224,177,66,69,60,42
RADCURE_1540,233,197,57,59,60,36
QIN_HEADNECK_01_0248,219,183,231,65,70,19
RADCURE_3673,223,156,55,68,72,38
RADCURE_2593,217,189,54,69,61,31
RADCURE_0837,224,145,56,74,56,38
RADCURE_2338,224,157,69,65,59,32
RADCURE_2936,223,192,53,72,69,35
HN_CHUS_044,231,156,43,61,58,28
RADCURE_0450,226,149,79,72,70,36
RADCURE_1582,226,147,50,65,62,39
RADCURE_2307,220,150,57,76,66,38
RADCURE_2763,221,167,72,58,52,32
RADCURE_1320,220,142,62,69,65,36
RADCURE_3828,222,155,58,71,55,31
RADCURE_3470,228,147,72,66,65,36
RADCURE_1929,227,157,55,64,68,36
RADCURE_1525,230,156,62,77,74,39
RADCURE_3616,218,179,67,74,64,38
RADCURE_1373,226,148,64,63,67,35
HNSCC_01_0070,237,165,182,73,73,22
RADCURE_0255,249,180,62,73,69,39
RADCURE_2502,229,160,69,59,66,39
HN_CHUS_017,220,184,87,58,42,42
HN_HGJ_022,217,125,19,70,65,24
QIN_HEADNECK_01_0020,223,189,125,79,74,24
RADCURE_2991,217,163,68,71,68,35
RADCURE_1728,227,158,54,74,66,37
RADCURE_2159,231,169,57,68,77,38
RADCURE_2965,227,178,67,66,61,41
RADCURE_2161,226,158,62,66,77,38
RADCURE_0252,224,186,48,74,67,34
RADCURE_2737,226,172,61,71,70,39
HN1860,221,202,38,80,68,24
RADCURE_1374,230,158,57,65,66,33
QIN_HEADNECK_01_0018,215,156,149,89,75,26
RADCURE_0094,222,188,67,76,76,42
RADCURE_3275,227,151,66,91,66,34
RADCURE_1522,221,136,73,78,70,32
RADCURE_0609,223,143,62,65,59,34
RADCURE_0897,219,155,48,61,65,40
RADCURE_0432,224,201,50,71,66,40
RADCURE_2391,226,160,62,67,50,27
RADCURE_1726,226,190,52,69,77,37
RADCURE_3288,225,171,66,63,63,35
RADCURE_1987,222,151,69,72,64,35
QIN_HEADNECK_01_0223,204,179,217,71,76,20
RADCURE_3872,226,149,52,73,70,39
RADCURE_4059,225,148,80,71,73,36
RADCURE_1721,225,129,59,76,64,40
RADCURE_1513,217,144,63,70,62,33
RADCURE_2150,225,164,55,67,61,28
HN_HGJ_014,224,99,30,63,69,23
RADCURE_2362,222,120,74,70,72,38
RADCURE_0051,223,186,64,67,65,32
RADCURE_2534,225,141,54,70,74,36
RADCURE_2739,226,172,60,69,70,38
RADCURE_0469,222,144,59,70,67,34
HN1667,208,210,47,82,75,25
RADCURE_1789,216,127,52,78,75,42
RADCURE_1319,226,160,58,56,56,33
RADCURE_0032,214,120,70,87,83,38
RADCURE_0664,226,149,62,70,64,36
RADCURE_1570,219,123,56,62,67,40
RADCURE_1928,241,186,90,62,68,36
RADCURE_2791,226,188,54,66,60,41
HNSCC_01_0025,229,106,192,72,71,25
HNSCC_01_0210,208,207,278,80,75,27
RADCURE_2550,224,158,58,70,70,40
RADCURE_0207,223,181,116,63,68,36
RADCURE_3827,225,156,63,68,68,41
QIN_HEADNECK_01_0612,220,161,398,80,74,37
RADCURE_2559,228,151,74,75,75,36
RADCURE_4033,230,168,69,61,50,30
RADCURE_3024,225,158,56,68,68,38
RADCURE_2330,219,134,59,79,68,42
RADCURE_1787,223,132,57,67,67,36
RADCURE_2102,220,139,61,73,71,41
RADCURE_2308,230,170,51,65,54,31
RADCURE_3820,222,153,63,78,72,35
RADCURE_3681,221,172,38,70,61,41
RADCURE_0838,224,168,53,68,64,37
RADCURE_0236,228,160,60,78,76,40
RADCURE_1774,224,146,45,63,74,37
RADCURE_4034,223,174,47,66,69,35
RADCURE_3621,225,189,51,69,62,44
RADCURE_3245,224,184,72,60,58,30
RADCURE_1720,224,142,73,72,64,34
RADCURE_1727,235,174,58,60,49,36
RADCURE_1171,229,159,57,67,64,37
HNSCC_01_0040,186,105,198,94,102,21
RADCURE_2532,215,166,59,67,64,37
RADCURE_2156,218,155,60,74,67,36
RADCURE_4093,226,125,59,71,71,34
HN_CHUS_018,238,172,62,53,45,44
RADCURE_3887,221,148,72,71,69,35
RADCURE_1986,222,153,62,63,62,37
RADCURE_1375,229,124,58,65,66,33
RADCURE_1523,224,147,68,75,87,34
HN_CHUS_011,247,188,51,55,53,26
RADCURE_2160,205,132,74,79,72,35
RADCURE_3280,233,180,59,54,57,40
RADCURE_0405,223,175,60,68,62,39
HN_HGJ_024,238,113,27,76,75,24
RADCURE_0061,222,165,68,70,69,27
RADCURE_0253,228,146,45,67,70,39
RADCURE_0298,212,165,59,82,69,39
RADCURE_1944,228,159,71,58,64,44
HN1062,225,187,49,89,93,27
RADCURE_0254,218,163,66,73,75,39
RADCURE_2731,218,196,53,79,67,40
RADCURE_1372,222,153,51,74,74,39
HN1892,231,223,44,65,59,22
HN_CHUS_029,230,183,69,62,52,34
RADCURE_0865,232,176,78,58,54,29
RADCURE_1943,227,195,76,65,61,37
RADCURE_0891,223,132,69,73,77,31
QIN_HEADNECK_01_0021,216,171,127,81,70,22
RADCURE_2990,227,185,68,57,53,32
HN1047,222,202,38,83,70,29
RADCURE_2348,227,199,54,68,64,34
RADCURE_2946,227,145,64,68,66,38
HN_CHUS_034,229,162,43,69,58,30
RADCURE_2145,224,137,68,77,67,38
HN_HGJ_001,239,135,23,63,61,24
RADCURE_0878,220,170,67,76,63,42
RADCURE_0276,224,200,78,85,74,45
RADCURE_2521,219,119,68,74,75,41
RADCURE_0088,224,168,46,79,58,42
RADCURE_1966,219,194,60,69,61,31
RADCURE_1368,221,166,54,66,69,35
RADCURE_3269,223,174,67,74,64,33
RADCURE_3893,219,145,68,69,74,37
RADCURE_0418,218,128,63,61,57,34
RADCURE_0840,234,165,65,67,67,37
RADCURE_2519,227,177,66,63,57,31
RADCURE_1733,231,164,60,63,65,36
RADCURE_3632,230,161,84,60,65,36
RADCURE_0271,227,155,51,65,63,36
RADCURE_2714,222,204,52,67,61,28
RADCURE_2370,218,142,65,76,68,33
RADCURE_4087,218,176,61,68,53,33
RADCURE_0615,220,140,57,76,68,39
RADCURE_1508,227,149,57,61,64,41
RADCURE_2977,221,168,62,71,61,43
RADCURE_3099,216,168,69,80,59,33
RADCURE_2174,228,151,55,76,63,37
RADCURE_0623,225,156,61,73,66,37
RADCURE_1395,231,157,68,66,64,37
RADCURE_0075,230,170,75,55,54,30
RADCURE_1957,227,161,71,62,60,32
RADCURE_3856,231,200,69,77,61,38
RADCURE_2517,226,165,56,69,66,40
HN_CHUS_002,212,154,37,73,55,29
RADCURE_3603,230,186,63,65,64,39
RADCURE_3431,229,189,62,58,58,42
RADCURE_2315,214,166,58,79,71,37
HN_HGJ_063,230,119,20,71,77,24
RADCURE_3233,226,185,60,71,66,38
RADCURE_4016,219,160,59,66,63,34
RADCURE_0684,221,162,65,70,59,31
RADCURE_2924,224,137,74,72,73,43
RADCURE_0825,221,149,79,66,64,42
QIN_HEADNECK_01_0061,217,197,209,69,61,17
RADCURE_1769,219,147,75,72,69,38
RADCURE_2312,219,146,66,77,61,41
HN_HGJ_064,208,114,23,80,70,24
RADCURE_3496,223,168,77,68,64,37
QIN_HEADNECK_01_0092,206,200,377,83,72,38
RADCURE_3202,231,201,64,60,49,32
RADCURE_3666,225,158,61,69,69,41
RADCURE_1303,228,148,66,72,64,35
RADCURE_2740,227,159,55,67,74,51
RADCURE_2324,228,179,64,71,64,41
RADCURE_1758,234,200,58,58,57,32
RADCURE_3833,230,164,70,67,78,34
QIN_HEADNECK_01_0296,206,163,125,93,73,21
RADCURE_0028,221,167,40,80,73,39
RADCURE_2575,226,154,57,66,75,37
QIN_HEADNECK_01_0068,226,176,201,76,69,18
RADCURE_1552,230,160,56,61,53,31
RADCURE_1599,224,171,58,71,53,32
RADCURE_1935,223,149,69,67,69,37
RADCURE_1358,217,141,53,63,68,45
RADCURE_3259,215,135,65,76,64,37
HN_HGJ_009,222,137,24,77,63,26
RADCURE_3266,222,156,55,76,65,39
RADCURE_2186,209,144,63,85,74,43
RADCURE_2172,223,155,54,69,67,39
HN1077,225,188,40,77,68,26
RADCURE_3408,228,208,58,66,60,32
HN1083,227,207,45,87,74,27
RADCURE_2949,228,171,64,63,59,42
RADCURE_0622,220,206,52,81,64,35
RADCURE_0410,231,187,60,56,59,39
RADCURE_2723,226,145,46,72,80,38
RADCURE_1394,225,149,58,68,72,42
RADCURE_4044,224,140,70,66,63,39
RADCURE_3261,221,195,54,68,71,38
RADCURE_0042,224,168,70,66,57,40
RADCURE_2527,220,150,61,68,65,40
HN_CHUS_032,232,143,86,60,55,47
RADCURE_4086,211,171,64,82,97,33
RADCURE_3859,220,172,88,68,52,35
RADCURE_2385,228,158,74,66,80,37
RADCURE_1500,229,143,62,62,70,38
HN1280,224,170,40,83,74,31
RADCURE_2947,227,160,68,62,60,30
HN1610,220,174,38,90,79,29
RADCURE_2349,225,150,60,70,67,35
RADCURE_1507,216,142,45,68,65,34
RADCURE_4081,230,159,56,64,66,39
HN_HGJ_054,207,105,23,81,63,24
RADCURE_0011,217,119,65,80,68,36
RADCURE_3694,215,161,62,81,78,34
RADCURE_2574,232,131,76,73,79,38
HNSCC_01_0039,217,160,196,93,88,23
RADCURE_0678,218,156,65,75,66,38
RADCURE_2573,221,182,58,80,69,45
RADCURE_0016,216,165,57,88,90,36
RADCURE_0472,219,152,66,66,66,30
RADCURE_4026,225,190,71,60,50,30
RADCURE_3455,230,147,69,63,72,38
RADCURE_0029,221,142,65,88,75,38
RADCURE_1759,226,164,66,70,61,34
QIN_HEADNECK_01_0607,221,150,229,89,82,23
HN1485,218,229,50,79,63,17
RADCURE_4019,238,200,58,51,40,31
RADCURE_2121,225,142,61,65,73,39
RADCURE_0020,223,184,49,62,54,37
HNSCC_01_0037,190,135,91,140,133,77
RADCURE_0823,233,157,58,62,58,29
RADCURE_2748,226,178,42,71,72,41
RADCURE_2922,225,138,66,64,66,35
RADCURE_0649,221,172,89,61,55,28
RADCURE_3038,231,153,70,62,57,28
RADCURE_1757,233,181,57,61,61,37
RADCURE_3000,224,193,78,77,72,39
RADCURE_3656,226,173,56,67,55,31
RADCURE_2784,224,200,57,70,63,35
RADCURE_1101,222,155,52,74,66,31
RADCURE_0027,215,122,70,82,82,38
RADCURE_0215,223,176,60,77,66,36
RADCURE_2542,225,148,73,68,63,39
RADCURE_0671,234,175,43,63,78,35
RADCURE_2589,218,145,61,74,83,36
RADCURE_3669,227,152,65,83,76,37
RADCURE_0488,236,152,65,75,70,42
RADCURE_4028,228,182,58,78,66,38
RADCURE_1768,228,137,69,71,65,39
RADCURE_2925,228,128,69,70,81,38
RADCURE_2119,225,137,66,71,67,38
RADCURE_0018,220,141,63,81,71,41
RADCURE_0358,223,133,56,67,74,38
RADCURE_0956,228,147,60,67,63,37
RADCURE_2857,225,178,64,65,54,37
RADCURE_1870,228,168,80,63,56,33
RADCURE_0703,226,171,53,68,65,38
RADCURE_2054,227,194,68,65,66,40
RADCURE_3186,218,174,67,70,65,33
QIN_HEADNECK_02_1024,229,169,229,81,72,23
RADCURE_2602,227,137,55,66,63,34
RADCURE_0155,224,169,61,64,57,41
RADCURE_3724,229,144,68,74,62,39
RADCURE_0393,217,107,60,89,75,34
RADCURE_3172,224,175,66,75,79,41
RADCURE_2292,220,165,48,79,70,35
RADCURE_1877,226,153,67,65,69,34
RADCURE_0509,226,203,60,60,59,36
HN1363,220,168,48,89,79,26
RADCURE_3949,232,151,63,58,62,36
QIN_HEADNECK_02_2469,217,132,338,85,77,29
RADCURE_1419,212,137,68,84,77,39
RADCURE_3518,223,141,58,72,72,43
HN1355,224,190,35,82,69,24
HNSCC_01_0173,226,186,192,89,89,14
RADCURE_1270,224,143,65,65,74,42
RADCURE_1426,225,141,57,70,69,36
RADCURE_0500,224,149,81,73,69,37
RADCURE_2401,228,153,63,65,65,34
HNSCC_01_0187,179,170,77,152,130,86
RADCURE_0164,229,184,61,73,73,39
RADCURE_1248,215,156,78,75,66,39
RADCURE_0994,219,175,71,69,77,36
RADCURE_1846,222,146,61,79,77,37
RADCURE_2895,228,163,63,64,67,41
RADCURE_2062,222,147,65,79,69,43
RADCURE_3144,222,195,61,73,67,35
RADCURE_3376,221,167,62,68,62,37
RADCURE_0197,229,145,60,72,63,36
RADCURE_2452,231,184,46,61,68,34
RADCURE_1481,222,153,64,68,58,34
RADCURE_3110,221,156,55,73,75,39
RADCURE_2009,220,180,79,64,48,30
RADCURE_3779,222,135,69,70,71,37
RADCURE_3117,229,162,69,79,70,36
RADCURE_3587,209,143,56,94,76,40
RADCURE_2832,225,163,55,68,59,45
RADCURE_3121,221,180,80,67,70,39
RADCURE_1676,218,177,60,81,69,38
RADCURE_3545,226,173,69,59,62,32
RADCURE_0106,219,119,63,60,57,28
RADCURE_0562,217,202,64,74,68,37
RADCURE_1823,224,136,62,72,63,39
HN_HMR_033,218,187,26,59,62,27
RADCURE_2464,229,138,67,66,69,39
RADCURE_3784,226,174,56,60,55,32
RADCURE_1027,226,169,68,69,64,37
RADCURE_0591,235,166,77,58,55,27
RADCURE_0768,223,165,193,64,68,38
RADCURE_1488,223,151,56,69,64,35
RADCURE_1847,219,140,71,66,66,38
RADCURE_3946,225,192,47,65,57,34
RADCURE_2894,236,175,79,67,63,39
RADCURE_0961,232,197,68,54,47,37
RADCURE_3377,228,169,62,62,54,35
RADCURE_1878,223,143,65,70,65,36
RADCURE_1282,215,167,68,77,69,38
RADCURE_0506,228,167,136,61,59,28
HN1502,221,215,43,73,74,27
RADCURE_3189,217,190,64,80,74,41
RADCURE_1418,228,159,64,75,70,43
RADCURE_0165,222,141,58,74,74,39
RADCURE_3142,221,170,71,69,64,38
RADCURE_1427,216,132,66,74,78,38
RADCURE_3370,220,164,65,64,72,35
HN1998,213,179,127,72,63,43
RADCURE_1876,225,151,72,65,66,40
RADCURE_3379,236,180,52,55,52,35
RADCURE_0705,215,185,54,75,74,39
RADCURE_2052,227,133,76,74,75,35
RADCURE_3180,222,166,69,64,67,35
RADCURE_0537,225,186,55,64,57,28
RADCURE_3948,222,188,52,57,54,40
RADCURE_3346,222,154,70,60,72,32
RADCURE_3510,227,152,68,66,71,42
RADCURE_3725,217,153,72,71,69,37
RADCURE_2293,221,148,52,67,67,38
RADCURE_1416,224,140,62,67,70,35
QIN_HEADNECK_02_1025,215,173,222,79,67,23
RADCURE_0366,227,187,72,64,54,35
RADCURE_0154,224,157,64,69,63,38
RADCURE_3771,228,157,72,67,66,33
RADCURE_2001,219,143,61,79,79,35
RADCURE_0107,216,158,68,81,67,40
RADCURE_2650,221,177,58,74,66,47
HN_HMR_035,237,201,34,59,55,24
RADCURE_1445,231,152,74,72,68,39
RADCURE_3312,233,159,71,72,76,37
RADCURE_3923,220,148,57,71,66,38
RADCURE_2202,224,146,55,66,69,35
RADCURE_0303,218,173,64,74,65,37
RADCURE_3323,227,159,50,74,68,40
RADCURE_2453,218,165,58,75,78,38
RADCURE_2205,212,147,49,78,62,42
